videoId,second,numViews
i4x-Engineering-CS145-video-vid-subqueries_in_from_and_select,0,2
i4x-Engineering-CS145-video-vid-subqueries_in_from_and_select,1,2
i4x-Engineering-CS145-video-vid-subqueries_in_from_and_select,2,2
i4x-Engineering-CS145-video-vid-subqueries_in_from_and_select,3,3
i4x-Engineering-CS145-video-vid-subqueries_in_from_and_select,4,3
i4x-Engineering-CS145-video-vid-subqueries_in_from_and_select,5,3
i4x-Engineering-CS145-video-vid-subqueries_in_from_and_select,6,3
i4x-Engineering-CS145-video-vid-subqueries_in_from_and_select,7,3
i4x-Engineering-CS145-video-vid-subqueries_in_from_and_select,8,3
i4x-Engineering-CS145-video-vid-subqueries_in_from_and_select,9,3
i4x-Engineering-CS145-video-vid-subqueries_in_from_and_select,10,3
i4x-Engineering-CS145-video-vid-subqueries_in_from_and_select,11,3
i4x-Engineering-CS145-video-vid-subqueries_in_from_and_select,12,3
i4x-Engineering-CS145-video-vid-subqueries_in_from_and_select,13,3
i4x-Engineering-CS145-video-vid-subqueries_in_from_and_select,14,3
i4x-Engineering-CS145-video-vid-subqueries_in_from_and_select,15,3
i4x-Engineering-CS145-video-vid-subqueries_in_from_and_select,16,3
i4x-Engineering-CS145-video-vid-subqueries_in_from_and_select,17,3
i4x-Engineering-CS145-video-vid-subqueries_in_from_and_select,18,3
i4x-Engineering-CS145-video-vid-subqueries_in_from_and_select,19,3
i4x-Engineering-CS145-video-vid-subqueries_in_from_and_select,20,3
i4x-Engineering-CS145-video-vid-subqueries_in_from_and_select,21,3
i4x-Engineering-CS145-video-vid-subqueries_in_from_and_select,22,3
i4x-Engineering-CS145-video-vid-subqueries_in_from_and_select,23,3
i4x-Engineering-CS145-video-vid-subqueries_in_from_and_select,24,3
i4x-Engineering-CS145-video-vid-subqueries_in_from_and_select,25,3
i4x-Engineering-CS145-video-vid-subqueries_in_from_and_select,26,3
i4x-Engineering-CS145-video-vid-subqueries_in_from_and_select,27,3
i4x-Engineering-CS145-video-vid-subqueries_in_from_and_select,28,3
i4x-Engineering-CS145-video-vid-subqueries_in_from_and_select,29,3
i4x-Engineering-CS145-video-vid-subqueries_in_from_and_select,30,3
i4x-Engineering-CS145-video-vid-subqueries_in_from_and_select,31,3
i4x-Engineering-CS145-video-vid-subqueries_in_from_and_select,32,3
i4x-Engineering-CS145-video-vid-subqueries_in_from_and_select,33,3
i4x-Engineering-CS145-video-vid-subqueries_in_from_and_select,34,3
i4x-Engineering-CS145-video-vid-subqueries_in_from_and_select,35,3
i4x-Engineering-CS145-video-vid-subqueries_in_from_and_select,36,3
i4x-Engineering-CS145-video-vid-subqueries_in_from_and_select,37,3
i4x-Engineering-CS145-video-vid-subqueries_in_from_and_select,38,3
i4x-Engineering-CS145-video-vid-subqueries_in_from_and_select,39,3
i4x-Engineering-CS145-video-vid-subqueries_in_from_and_select,40,3
i4x-Engineering-CS145-video-vid-subqueries_in_from_and_select,41,3
i4x-Engineering-CS145-video-vid-subqueries_in_from_and_select,42,3
i4x-Engineering-CS145-video-vid-subqueries_in_from_and_select,43,3
i4x-Engineering-CS145-video-vid-subqueries_in_from_and_select,44,3
i4x-Engineering-CS145-video-vid-subqueries_in_from_and_select,45,3
i4x-Engineering-CS145-video-vid-subqueries_in_from_and_select,46,3
i4x-Engineering-CS145-video-vid-subqueries_in_from_and_select,47,2
i4x-Engineering-CS145-video-vid-subqueries_in_from_and_select,48,2
i4x-Engineering-CS145-video-vid-subqueries_in_from_and_select,49,2
i4x-Engineering-CS145-video-vid-subqueries_in_from_and_select,50,2
i4x-Engineering-CS145-video-vid-subqueries_in_from_and_select,51,2
i4x-Engineering-CS145-video-vid-subqueries_in_from_and_select,52,2
i4x-Engineering-CS145-video-vid-subqueries_in_from_and_select,53,2
i4x-Engineering-CS145-video-vid-subqueries_in_from_and_select,54,2
i4x-Engineering-CS145-video-vid-subqueries_in_from_and_select,55,2
i4x-Engineering-CS145-video-vid-subqueries_in_from_and_select,56,2
i4x-Engineering-CS145-video-vid-subqueries_in_from_and_select,57,2
i4x-Engineering-CS145-video-vid-subqueries_in_from_and_select,58,2
i4x-Engineering-CS145-video-vid-subqueries_in_from_and_select,59,2
i4x-Engineering-CS145-video-vid-subqueries_in_from_and_select,60,2
i4x-Engineering-CS145-video-vid-subqueries_in_from_and_select,61,2
i4x-Engineering-CS145-video-vid-subqueries_in_from_and_select,62,2
i4x-Engineering-CS145-video-vid-subqueries_in_from_and_select,63,2
i4x-Engineering-CS145-video-vid-subqueries_in_from_and_select,64,2
i4x-Engineering-CS145-video-vid-subqueries_in_from_and_select,65,2
i4x-Engineering-CS145-video-vid-subqueries_in_from_and_select,66,2
i4x-Engineering-CS145-video-vid-subqueries_in_from_and_select,67,2
i4x-Engineering-CS145-video-vid-subqueries_in_from_and_select,68,2
i4x-Engineering-CS145-video-vid-subqueries_in_from_and_select,69,2
i4x-Engineering-CS145-video-vid-subqueries_in_from_and_select,70,2
i4x-Engineering-CS145-video-vid-subqueries_in_from_and_select,71,2
i4x-Engineering-CS145-video-vid-subqueries_in_from_and_select,72,2
i4x-Engineering-CS145-video-vid-subqueries_in_from_and_select,73,2
i4x-Engineering-CS145-video-vid-subqueries_in_from_and_select,74,2
i4x-Engineering-CS145-video-vid-subqueries_in_from_and_select,75,2
i4x-Engineering-CS145-video-vid-subqueries_in_from_and_select,76,2
i4x-Engineering-CS145-video-vid-subqueries_in_from_and_select,77,2
i4x-Engineering-CS145-video-vid-subqueries_in_from_and_select,78,2
i4x-Engineering-CS145-video-vid-subqueries_in_from_and_select,79,2
i4x-Engineering-CS145-video-vid-subqueries_in_from_and_select,80,2
i4x-Engineering-CS145-video-vid-subqueries_in_from_and_select,81,2
i4x-Engineering-CS145-video-vid-subqueries_in_from_and_select,82,2
i4x-Engineering-CS145-video-vid-subqueries_in_from_and_select,83,2
i4x-Engineering-CS145-video-vid-subqueries_in_from_and_select,84,1
i4x-Engineering-CS145-video-vid-subqueries_in_from_and_select,85,1
i4x-Engineering-CS145-video-vid-subqueries_in_from_and_select,86,1
i4x-Engineering-CS145-video-vid-subqueries_in_from_and_select,87,1
i4x-Engineering-CS145-video-vid-subqueries_in_from_and_select,88,1
i4x-Engineering-CS145-video-vid-subqueries_in_from_and_select,89,1
i4x-Engineering-CS145-video-vid-subqueries_in_from_and_select,90,1
i4x-Engineering-CS145-video-vid-subqueries_in_from_and_select,91,1
i4x-Engineering-CS145-video-vid-subqueries_in_from_and_select,92,1
i4x-Engineering-CS145-video-vid-subqueries_in_from_and_select,93,1
i4x-Engineering-CS145-video-vid-subqueries_in_from_and_select,94,1
i4x-Engineering-CS145-video-vid-subqueries_in_from_and_select,95,1
i4x-Engineering-CS145-video-vid-subqueries_in_from_and_select,96,1
i4x-Engineering-CS145-video-vid-subqueries_in_from_and_select,97,1
i4x-Engineering-CS145-video-vid-subqueries_in_from_and_select,98,1
i4x-Engineering-CS145-video-vid-subqueries_in_from_and_select,99,1
i4x-Engineering-CS145-video-vid-subqueries_in_from_and_select,100,1
i4x-Engineering-CS145-video-vid-subqueries_in_from_and_select,101,1
i4x-Engineering-CS145-video-vid-subqueries_in_from_and_select,102,1
i4x-Engineering-CS145-video-vid-subqueries_in_from_and_select,103,1
i4x-Engineering-CS145-video-vid-subqueries_in_from_and_select,104,1
i4x-Engineering-CS145-video-vid-subqueries_in_from_and_select,105,1
i4x-Engineering-CS145-video-vid-subqueries_in_from_and_select,106,1
i4x-Engineering-CS145-video-vid-subqueries_in_from_and_select,107,1
i4x-Engineering-CS145-video-vid-subqueries_in_from_and_select,108,1
i4x-Engineering-CS145-video-vid-subqueries_in_from_and_select,109,1
i4x-Engineering-CS145-video-vid-subqueries_in_from_and_select,110,1
i4x-Engineering-CS145-video-vid-subqueries_in_from_and_select,111,1
i4x-Engineering-CS145-video-vid-subqueries_in_from_and_select,112,1
i4x-Engineering-CS145-video-vid-subqueries_in_from_and_select,113,1
i4x-Engineering-CS145-video-vid-subqueries_in_from_and_select,114,1
i4x-Engineering-CS145-video-vid-subqueries_in_from_and_select,115,1
i4x-Engineering-CS145-video-vid-subqueries_in_from_and_select,116,2
i4x-Engineering-CS145-video-vid-subqueries_in_from_and_select,117,2
i4x-Engineering-CS145-video-vid-subqueries_in_from_and_select,118,2
i4x-Engineering-CS145-video-vid-subqueries_in_from_and_select,119,1
i4x-Engineering-CS145-video-vid-subqueries_in_from_and_select,120,1
i4x-Engineering-CS145-video-vid-subqueries_in_from_and_select,121,1
i4x-Engineering-CS145-video-vid-subqueries_in_from_and_select,122,1
i4x-Engineering-CS145-video-vid-subqueries_in_from_and_select,123,1
i4x-Engineering-CS145-video-vid-subqueries_in_from_and_select,124,1
i4x-Engineering-CS145-video-vid-subqueries_in_from_and_select,125,1
i4x-Engineering-CS145-video-vid-subqueries_in_from_and_select,126,1
i4x-Engineering-CS145-video-vid-subqueries_in_from_and_select,127,1
i4x-Engineering-CS145-video-vid-subqueries_in_from_and_select,128,1
i4x-Engineering-CS145-video-vid-subqueries_in_from_and_select,129,1
i4x-Engineering-CS145-video-vid-subqueries_in_from_and_select,130,1
i4x-Engineering-CS145-video-vid-subqueries_in_from_and_select,131,1
i4x-Engineering-CS145-video-vid-subqueries_in_from_and_select,132,1
i4x-Engineering-CS145-video-vid-subqueries_in_from_and_select,133,1
i4x-Engineering-CS145-video-vid-subqueries_in_from_and_select,134,1
i4x-Engineering-CS145-video-vid-subqueries_in_from_and_select,135,1
i4x-Engineering-CS145-video-vid-subqueries_in_from_and_select,136,1
i4x-Engineering-CS145-video-vid-subqueries_in_from_and_select,137,1
i4x-Engineering-CS145-video-vid-subqueries_in_from_and_select,138,1
i4x-Engineering-CS145-video-vid-subqueries_in_from_and_select,139,1
i4x-Engineering-CS145-video-vid-subqueries_in_from_and_select,140,1
i4x-Engineering-CS145-video-vid-subqueries_in_from_and_select,141,1
i4x-Engineering-CS145-video-vid-subqueries_in_from_and_select,142,1
i4x-Engineering-CS145-video-vid-subqueries_in_from_and_select,143,1
i4x-Engineering-CS145-video-vid-subqueries_in_from_and_select,144,1
i4x-Engineering-CS145-video-vid-subqueries_in_from_and_select,145,1
i4x-Engineering-CS145-video-vid-subqueries_in_from_and_select,146,1
i4x-Engineering-CS145-video-vid-subqueries_in_from_and_select,147,1
i4x-Engineering-CS145-video-vid-subqueries_in_from_and_select,148,1
i4x-Engineering-CS145-video-vid-subqueries_in_from_and_select,149,1
i4x-Engineering-CS145-video-vid-subqueries_in_from_and_select,150,1
i4x-Engineering-CS145-video-vid-subqueries_in_from_and_select,151,1
i4x-Engineering-CS145-video-vid-subqueries_in_from_and_select,152,1
i4x-Engineering-CS145-video-vid-subqueries_in_from_and_select,153,1
i4x-Engineering-CS145-video-vid-subqueries_in_from_and_select,154,1
i4x-Engineering-CS145-video-vid-subqueries_in_from_and_select,155,1
i4x-Engineering-CS145-video-vid-subqueries_in_from_and_select,156,1
i4x-Engineering-CS145-video-vid-subqueries_in_from_and_select,157,1
i4x-Engineering-CS145-video-vid-subqueries_in_from_and_select,158,1
i4x-Engineering-CS145-video-vid-subqueries_in_from_and_select,159,1
i4x-Engineering-CS145-video-vid-subqueries_in_from_and_select,160,1
i4x-Engineering-CS145-video-vid-subqueries_in_from_and_select,161,1
i4x-Engineering-CS145-video-vid-subqueries_in_from_and_select,162,1
i4x-Engineering-CS145-video-vid-subqueries_in_from_and_select,163,1
i4x-Engineering-CS145-video-vid-subqueries_in_from_and_select,164,1
i4x-Engineering-CS145-video-vid-subqueries_in_from_and_select,165,1
i4x-Engineering-CS145-video-vid-subqueries_in_from_and_select,166,1
i4x-Engineering-CS145-video-vid-subqueries_in_from_and_select,167,1
i4x-Engineering-CS145-video-vid-subqueries_in_from_and_select,168,1
i4x-Engineering-CS145-video-vid-subqueries_in_from_and_select,169,1
i4x-Engineering-CS145-video-vid-subqueries_in_from_and_select,170,1
i4x-Engineering-CS145-video-vid-subqueries_in_from_and_select,171,1
i4x-Engineering-CS145-video-vid-subqueries_in_from_and_select,172,1
i4x-Engineering-CS145-video-vid-subqueries_in_from_and_select,173,1
i4x-Engineering-CS145-video-vid-subqueries_in_from_and_select,174,1
i4x-Engineering-CS145-video-vid-subqueries_in_from_and_select,175,1
i4x-Engineering-CS145-video-vid-subqueries_in_from_and_select,176,1
i4x-Engineering-CS145-video-vid-subqueries_in_from_and_select,177,1
i4x-Engineering-CS145-video-vid-subqueries_in_from_and_select,178,1
i4x-Engineering-CS145-video-vid-subqueries_in_from_and_select,179,1
i4x-Engineering-CS145-video-vid-subqueries_in_from_and_select,180,1
i4x-Engineering-CS145-video-vid-subqueries_in_from_and_select,181,1
i4x-Engineering-CS145-video-vid-subqueries_in_from_and_select,182,1
i4x-Engineering-CS145-video-vid-subqueries_in_from_and_select,183,1
i4x-Engineering-CS145-video-vid-subqueries_in_from_and_select,184,1
i4x-Engineering-CS145-video-vid-subqueries_in_from_and_select,185,1
i4x-Engineering-CS145-video-vid-subqueries_in_from_and_select,186,1
i4x-Engineering-CS145-video-vid-subqueries_in_from_and_select,187,1
i4x-Engineering-CS145-video-vid-subqueries_in_from_and_select,188,1
i4x-Engineering-CS145-video-vid-subqueries_in_from_and_select,189,1
i4x-Engineering-CS145-video-vid-subqueries_in_from_and_select,190,1
i4x-Engineering-CS145-video-vid-subqueries_in_from_and_select,191,1
i4x-Engineering-CS145-video-vid-subqueries_in_from_and_select,192,1
i4x-Engineering-CS145-video-vid-subqueries_in_from_and_select,193,1
i4x-Engineering-CS145-video-vid-subqueries_in_from_and_select,194,1
i4x-Engineering-CS145-video-vid-subqueries_in_from_and_select,195,1
i4x-Engineering-CS145-video-vid-subqueries_in_from_and_select,196,1
i4x-Engineering-CS145-video-vid-subqueries_in_from_and_select,197,1
i4x-Engineering-CS145-video-vid-subqueries_in_from_and_select,198,1
i4x-Engineering-CS145-video-vid-subqueries_in_from_and_select,199,1
i4x-Engineering-CS145-video-vid-subqueries_in_from_and_select,200,1
i4x-Engineering-CS145-video-vid-subqueries_in_from_and_select,201,1
i4x-Engineering-CS145-video-vid-subqueries_in_from_and_select,202,1
i4x-Engineering-CS145-video-vid-subqueries_in_from_and_select,203,1
i4x-Engineering-CS145-video-vid-subqueries_in_from_and_select,204,1
i4x-Engineering-CS145-video-vid-subqueries_in_from_and_select,205,1
i4x-Engineering-CS145-video-vid-subqueries_in_from_and_select,206,1
i4x-Engineering-CS145-video-vid-subqueries_in_from_and_select,207,1
i4x-Engineering-CS145-video-vid-subqueries_in_from_and_select,208,1
i4x-Engineering-CS145-video-vid-subqueries_in_from_and_select,209,1
i4x-Engineering-CS145-video-vid-subqueries_in_from_and_select,210,1
i4x-Engineering-CS145-video-vid-subqueries_in_from_and_select,211,1
i4x-Engineering-CS145-video-vid-subqueries_in_from_and_select,212,1
i4x-Engineering-CS145-video-vid-subqueries_in_from_and_select,213,1
i4x-Engineering-CS145-video-vid-subqueries_in_from_and_select,214,1
i4x-Engineering-CS145-video-vid-subqueries_in_from_and_select,215,1
i4x-Engineering-CS145-video-vid-subqueries_in_from_and_select,216,1
i4x-Engineering-CS145-video-vid-subqueries_in_from_and_select,217,1
i4x-Engineering-CS145-video-vid-subqueries_in_from_and_select,218,1
i4x-Engineering-CS145-video-vid-subqueries_in_from_and_select,219,1
i4x-Engineering-CS145-video-vid-subqueries_in_from_and_select,220,1
i4x-Engineering-CS145-video-vid-subqueries_in_from_and_select,221,1
i4x-Engineering-CS145-video-vid-subqueries_in_from_and_select,222,1
i4x-Engineering-CS145-video-vid-subqueries_in_from_and_select,223,1
i4x-Engineering-CS145-video-vid-subqueries_in_from_and_select,224,1
i4x-Engineering-CS145-video-vid-subqueries_in_from_and_select,225,1
i4x-Engineering-CS145-video-vid-subqueries_in_from_and_select,226,1
i4x-Engineering-CS145-video-vid-subqueries_in_from_and_select,227,1
i4x-Engineering-CS145-video-vid-subqueries_in_from_and_select,228,1
i4x-Engineering-CS145-video-vid-subqueries_in_from_and_select,229,1
i4x-Engineering-CS145-video-vid-subqueries_in_from_and_select,230,1
i4x-Engineering-CS145-video-vid-subqueries_in_from_and_select,231,1
i4x-Engineering-CS145-video-vid-subqueries_in_from_and_select,232,1
i4x-Engineering-CS145-video-vid-subqueries_in_from_and_select,233,1
i4x-Engineering-CS145-video-vid-subqueries_in_from_and_select,234,1
i4x-Engineering-CS145-video-vid-subqueries_in_from_and_select,235,1
i4x-Engineering-CS145-video-vid-subqueries_in_from_and_select,236,1
i4x-Engineering-CS145-video-vid-subqueries_in_from_and_select,237,1
i4x-Engineering-CS145-video-vid-subqueries_in_from_and_select,238,1
i4x-Engineering-CS145-video-vid-subqueries_in_from_and_select,239,1
i4x-Engineering-CS145-video-vid-subqueries_in_from_and_select,240,1
i4x-Engineering-CS145-video-vid-subqueries_in_from_and_select,241,1
i4x-Engineering-CS145-video-vid-subqueries_in_from_and_select,242,1
i4x-Engineering-CS145-video-vid-subqueries_in_from_and_select,243,1
i4x-Engineering-CS145-video-vid-subqueries_in_from_and_select,244,1
i4x-Engineering-CS145-video-vid-subqueries_in_from_and_select,245,1
i4x-Engineering-CS145-video-vid-subqueries_in_from_and_select,246,1
i4x-Engineering-CS145-video-vid-subqueries_in_from_and_select,247,1
i4x-Engineering-CS145-video-vid-subqueries_in_from_and_select,248,1
i4x-Engineering-CS145-video-vid-subqueries_in_from_and_select,249,1
i4x-Engineering-CS145-video-vid-subqueries_in_from_and_select,250,1
i4x-Engineering-CS145-video-vid-subqueries_in_from_and_select,251,1
i4x-Engineering-CS145-video-vid-subqueries_in_from_and_select,252,1
i4x-Engineering-CS145-video-vid-subqueries_in_from_and_select,253,1
i4x-Engineering-CS145-video-vid-subqueries_in_from_and_select,254,1
i4x-Engineering-CS145-video-vid-subqueries_in_from_and_select,255,1
i4x-Engineering-CS145-video-vid-subqueries_in_from_and_select,256,1
i4x-Engineering-CS145-video-vid-subqueries_in_from_and_select,257,1
i4x-Engineering-CS145-video-vid-subqueries_in_from_and_select,258,1
i4x-Engineering-CS145-video-vid-subqueries_in_from_and_select,259,1
i4x-Engineering-CS145-video-vid-subqueries_in_from_and_select,260,1
i4x-Engineering-CS145-video-vid-subqueries_in_from_and_select,261,1
i4x-Engineering-CS145-video-vid-subqueries_in_from_and_select,262,1
i4x-Engineering-CS145-video-vid-subqueries_in_from_and_select,263,1
i4x-Engineering-CS145-video-vid-subqueries_in_from_and_select,264,1
i4x-Engineering-CS145-video-vid-subqueries_in_from_and_select,265,1
i4x-Engineering-CS145-video-vid-subqueries_in_from_and_select,266,1
i4x-Engineering-CS145-video-vid-subqueries_in_from_and_select,267,1
i4x-Engineering-CS145-video-vid-subqueries_in_from_and_select,268,1
i4x-Engineering-CS145-video-vid-subqueries_in_from_and_select,269,1
i4x-Engineering-CS145-video-vid-subqueries_in_from_and_select,270,1
i4x-Engineering-CS145-video-vid-subqueries_in_from_and_select,271,1
i4x-Engineering-CS145-video-vid-subqueries_in_from_and_select,272,1
i4x-Engineering-CS145-video-vid-subqueries_in_from_and_select,273,1
i4x-Engineering-CS145-video-vid-subqueries_in_from_and_select,274,1
i4x-Engineering-CS145-video-vid-subqueries_in_from_and_select,275,1
i4x-Engineering-CS145-video-vid-subqueries_in_from_and_select,276,1
i4x-Engineering-CS145-video-vid-subqueries_in_from_and_select,277,1
i4x-Engineering-CS145-video-vid-subqueries_in_from_and_select,278,1
i4x-Engineering-CS145-video-vid-subqueries_in_from_and_select,279,1
i4x-Engineering-CS145-video-vid-subqueries_in_from_and_select,280,1
i4x-Engineering-CS145-video-vid-subqueries_in_from_and_select,281,1
i4x-Engineering-CS145-video-vid-subqueries_in_from_and_select,282,1
i4x-Engineering-CS145-video-vid-subqueries_in_from_and_select,283,1
i4x-Engineering-CS145-video-vid-subqueries_in_from_and_select,284,1
i4x-Engineering-CS145-video-vid-subqueries_in_from_and_select,285,1
i4x-Engineering-CS145-video-vid-subqueries_in_from_and_select,286,1
i4x-Engineering-CS145-video-vid-subqueries_in_from_and_select,287,2
i4x-Engineering-CS145-video-vid-subqueries_in_from_and_select,288,2
i4x-Engineering-CS145-video-vid-subqueries_in_from_and_select,289,2
i4x-Engineering-CS145-video-vid-subqueries_in_from_and_select,290,2
i4x-Engineering-CS145-video-vid-subqueries_in_from_and_select,291,2
i4x-Engineering-CS145-video-vid-subqueries_in_from_and_select,292,2
i4x-Engineering-CS145-video-vid-subqueries_in_from_and_select,293,2
i4x-Engineering-CS145-video-vid-subqueries_in_from_and_select,294,2
i4x-Engineering-CS145-video-vid-subqueries_in_from_and_select,295,2
i4x-Engineering-CS145-video-vid-subqueries_in_from_and_select,296,2
i4x-Engineering-CS145-video-vid-subqueries_in_from_and_select,297,2
i4x-Engineering-CS145-video-vid-subqueries_in_from_and_select,298,3
i4x-Engineering-CS145-video-vid-subqueries_in_from_and_select,299,1
i4x-Engineering-CS145-video-vid-subqueries_in_from_and_select,300,1
i4x-Engineering-CS145-video-vid-subqueries_in_from_and_select,301,1
i4x-Engineering-CS145-video-vid-subqueries_in_from_and_select,302,1
i4x-Engineering-CS145-video-vid-subqueries_in_from_and_select,303,1
i4x-Engineering-CS145-video-vid-subqueries_in_from_and_select,304,1
i4x-Engineering-CS145-video-vid-subqueries_in_from_and_select,305,1
i4x-Engineering-CS145-video-vid-subqueries_in_from_and_select,306,1
i4x-Engineering-CS145-video-vid-subqueries_in_from_and_select,307,1
i4x-Engineering-CS145-video-vid-subqueries_in_from_and_select,308,1
i4x-Engineering-CS145-video-vid-subqueries_in_from_and_select,309,2
i4x-Engineering-CS145-video-vid-subqueries_in_from_and_select,310,2
i4x-Engineering-CS145-video-vid-subqueries_in_from_and_select,311,2
i4x-Engineering-CS145-video-vid-subqueries_in_from_and_select,312,2
i4x-Engineering-CS145-video-vid-subqueries_in_from_and_select,313,2
i4x-Engineering-CS145-video-vid-subqueries_in_from_and_select,314,2
i4x-Engineering-CS145-video-vid-subqueries_in_from_and_select,315,2
i4x-Engineering-CS145-video-vid-subqueries_in_from_and_select,316,3
i4x-Engineering-CS145-video-vid-subqueries_in_from_and_select,317,2
i4x-Engineering-CS145-video-vid-subqueries_in_from_and_select,318,2
i4x-Engineering-CS145-video-vid-subqueries_in_from_and_select,319,2
i4x-Engineering-CS145-video-vid-subqueries_in_from_and_select,320,2
i4x-Engineering-CS145-video-vid-subqueries_in_from_and_select,321,2
i4x-Engineering-CS145-video-vid-subqueries_in_from_and_select,322,2
i4x-Engineering-CS145-video-vid-subqueries_in_from_and_select,323,2
i4x-Engineering-CS145-video-vid-subqueries_in_from_and_select,324,2
i4x-Engineering-CS145-video-vid-subqueries_in_from_and_select,325,2
i4x-Engineering-CS145-video-vid-subqueries_in_from_and_select,326,2
i4x-Engineering-CS145-video-vid-subqueries_in_from_and_select,327,2
i4x-Engineering-CS145-video-vid-subqueries_in_from_and_select,328,2
i4x-Engineering-CS145-video-vid-subqueries_in_from_and_select,329,2
i4x-Engineering-CS145-video-vid-subqueries_in_from_and_select,330,2
i4x-Engineering-CS145-video-vid-subqueries_in_from_and_select,331,2
i4x-Engineering-CS145-video-vid-subqueries_in_from_and_select,332,2
i4x-Engineering-CS145-video-vid-subqueries_in_from_and_select,333,2
i4x-Engineering-CS145-video-vid-subqueries_in_from_and_select,334,2
i4x-Engineering-CS145-video-vid-subqueries_in_from_and_select,335,2
i4x-Engineering-CS145-video-vid-subqueries_in_from_and_select,336,2
i4x-Engineering-CS145-video-vid-subqueries_in_from_and_select,337,2
i4x-Engineering-CS145-video-vid-subqueries_in_from_and_select,338,2
i4x-Engineering-CS145-video-vid-subqueries_in_from_and_select,339,2
i4x-Engineering-CS145-video-vid-subqueries_in_from_and_select,340,3
i4x-Engineering-CS145-video-vid-subqueries_in_from_and_select,341,2
i4x-Engineering-CS145-video-vid-subqueries_in_from_and_select,342,2
i4x-Engineering-CS145-video-vid-subqueries_in_from_and_select,343,2
i4x-Engineering-CS145-video-vid-subqueries_in_from_and_select,344,2
i4x-Engineering-CS145-video-vid-subqueries_in_from_and_select,345,2
i4x-Engineering-CS145-video-vid-subqueries_in_from_and_select,346,2
i4x-Engineering-CS145-video-vid-subqueries_in_from_and_select,347,2
i4x-Engineering-CS145-video-vid-subqueries_in_from_and_select,348,2
i4x-Engineering-CS145-video-vid-subqueries_in_from_and_select,349,2
i4x-Engineering-CS145-video-vid-subqueries_in_from_and_select,350,2
i4x-Engineering-CS145-video-vid-subqueries_in_from_and_select,351,2
i4x-Engineering-CS145-video-vid-subqueries_in_from_and_select,352,2
i4x-Engineering-CS145-video-vid-subqueries_in_from_and_select,353,2
i4x-Engineering-CS145-video-vid-subqueries_in_from_and_select,354,2
i4x-Engineering-CS145-video-vid-subqueries_in_from_and_select,355,2
i4x-Engineering-CS145-video-vid-subqueries_in_from_and_select,356,2
i4x-Engineering-CS145-video-vid-subqueries_in_from_and_select,357,2
i4x-Engineering-CS145-video-vid-subqueries_in_from_and_select,358,2
i4x-Engineering-CS145-video-vid-subqueries_in_from_and_select,359,2
i4x-Engineering-CS145-video-vid-subqueries_in_from_and_select,360,2
i4x-Engineering-CS145-video-vid-subqueries_in_from_and_select,361,2
i4x-Engineering-CS145-video-vid-subqueries_in_from_and_select,362,2
i4x-Engineering-CS145-video-vid-subqueries_in_from_and_select,363,2
i4x-Engineering-CS145-video-vid-subqueries_in_from_and_select,364,2
i4x-Engineering-CS145-video-vid-subqueries_in_from_and_select,365,3
i4x-Engineering-CS145-video-vid-subqueries_in_from_and_select,366,2
i4x-Engineering-CS145-video-vid-subqueries_in_from_and_select,367,2
i4x-Engineering-CS145-video-vid-subqueries_in_from_and_select,368,2
i4x-Engineering-CS145-video-vid-subqueries_in_from_and_select,369,2
i4x-Engineering-CS145-video-vid-subqueries_in_from_and_select,370,2
i4x-Engineering-CS145-video-vid-subqueries_in_from_and_select,371,2
i4x-Engineering-CS145-video-vid-subqueries_in_from_and_select,372,2
i4x-Engineering-CS145-video-vid-subqueries_in_from_and_select,373,2
i4x-Engineering-CS145-video-vid-subqueries_in_from_and_select,374,2
i4x-Engineering-CS145-video-vid-subqueries_in_from_and_select,375,2
i4x-Engineering-CS145-video-vid-subqueries_in_from_and_select,376,2
i4x-Engineering-CS145-video-vid-subqueries_in_from_and_select,377,2
i4x-Engineering-CS145-video-vid-subqueries_in_from_and_select,378,2
i4x-Engineering-CS145-video-vid-subqueries_in_from_and_select,379,2
i4x-Engineering-CS145-video-vid-subqueries_in_from_and_select,380,2
i4x-Engineering-CS145-video-vid-subqueries_in_from_and_select,381,2
i4x-Engineering-CS145-video-vid-subqueries_in_from_and_select,382,2
i4x-Engineering-CS145-video-vid-subqueries_in_from_and_select,383,2
i4x-Engineering-CS145-video-vid-subqueries_in_from_and_select,384,2
i4x-Engineering-CS145-video-vid-subqueries_in_from_and_select,385,2
i4x-Engineering-CS145-video-vid-subqueries_in_from_and_select,386,2
i4x-Engineering-CS145-video-vid-subqueries_in_from_and_select,387,3
i4x-Engineering-CS145-video-vid-subqueries_in_from_and_select,388,2
i4x-Engineering-CS145-video-vid-subqueries_in_from_and_select,389,2
i4x-Engineering-CS145-video-vid-subqueries_in_from_and_select,390,2
i4x-Engineering-CS145-video-vid-subqueries_in_from_and_select,391,2
i4x-Engineering-CS145-video-vid-subqueries_in_from_and_select,392,2
i4x-Engineering-CS145-video-vid-subqueries_in_from_and_select,393,2
i4x-Engineering-CS145-video-vid-subqueries_in_from_and_select,394,2
i4x-Engineering-CS145-video-vid-subqueries_in_from_and_select,395,2
i4x-Engineering-CS145-video-vid-subqueries_in_from_and_select,396,2
i4x-Engineering-CS145-video-vid-subqueries_in_from_and_select,397,2
i4x-Engineering-CS145-video-vid-subqueries_in_from_and_select,398,2
i4x-Engineering-CS145-video-vid-subqueries_in_from_and_select,399,2
i4x-Engineering-CS145-video-vid-subqueries_in_from_and_select,400,2
i4x-Engineering-CS145-video-vid-subqueries_in_from_and_select,401,2
i4x-Engineering-CS145-video-vid-subqueries_in_from_and_select,402,2
i4x-Engineering-CS145-video-vid-subqueries_in_from_and_select,403,2
i4x-Engineering-CS145-video-vid-subqueries_in_from_and_select,404,3
i4x-Engineering-CS145-video-vid-subqueries_in_from_and_select,405,2
i4x-Engineering-CS145-video-vid-subqueries_in_from_and_select,406,2
i4x-Engineering-CS145-video-vid-subqueries_in_from_and_select,407,2
i4x-Engineering-CS145-video-vid-subqueries_in_from_and_select,408,2
i4x-Engineering-CS145-video-vid-subqueries_in_from_and_select,409,2
i4x-Engineering-CS145-video-vid-subqueries_in_from_and_select,410,2
i4x-Engineering-CS145-video-vid-subqueries_in_from_and_select,411,2
i4x-Engineering-CS145-video-vid-subqueries_in_from_and_select,412,2
i4x-Engineering-CS145-video-vid-subqueries_in_from_and_select,413,2
i4x-Engineering-CS145-video-vid-subqueries_in_from_and_select,414,2
i4x-Engineering-CS145-video-vid-subqueries_in_from_and_select,415,2
i4x-Engineering-CS145-video-vid-subqueries_in_from_and_select,416,2
i4x-Engineering-CS145-video-vid-subqueries_in_from_and_select,417,1
i4x-Engineering-CS145-video-vid-subqueries_in_from_and_select,418,1
i4x-Engineering-CS145-video-vid-subqueries_in_from_and_select,419,1
i4x-Engineering-CS145-video-vid-subqueries_in_from_and_select,420,1
i4x-Engineering-CS145-video-vid-subqueries_in_from_and_select,421,1
i4x-Engineering-CS145-video-vid-subqueries_in_from_and_select,422,1
i4x-Engineering-CS145-video-vid-subqueries_in_from_and_select,423,1
i4x-Engineering-CS145-video-vid-subqueries_in_from_and_select,424,1
i4x-Engineering-CS145-video-vid-subqueries_in_from_and_select,425,1
i4x-Engineering-CS145-video-vid-subqueries_in_from_and_select,426,1
i4x-Engineering-CS145-video-vid-subqueries_in_from_and_select,427,1
i4x-Engineering-CS145-video-vid-subqueries_in_from_and_select,428,1
i4x-Engineering-CS145-video-vid-subqueries_in_from_and_select,429,1
i4x-Engineering-CS145-video-vid-subqueries_in_from_and_select,430,1
i4x-Engineering-CS145-video-vid-subqueries_in_from_and_select,431,1
i4x-Engineering-CS145-video-vid-subqueries_in_from_and_select,432,1
i4x-Engineering-CS145-video-vid-subqueries_in_from_and_select,433,1
i4x-Engineering-CS145-video-vid-subqueries_in_from_and_select,434,1
i4x-Engineering-CS145-video-vid-subqueries_in_from_and_select,435,1
i4x-Engineering-CS145-video-vid-subqueries_in_from_and_select,436,1
i4x-Engineering-CS145-video-vid-subqueries_in_from_and_select,437,1
i4x-Engineering-CS145-video-vid-subqueries_in_from_and_select,438,1
i4x-Engineering-CS145-video-vid-subqueries_in_from_and_select,439,1
i4x-Engineering-CS145-video-vid-subqueries_in_from_and_select,440,1
i4x-Engineering-CS145-video-vid-subqueries_in_from_and_select,441,1
i4x-Engineering-CS145-video-vid-subqueries_in_from_and_select,442,1
i4x-Engineering-CS145-video-vid-subqueries_in_from_and_select,443,1
i4x-Engineering-CS145-video-vid-subqueries_in_from_and_select,444,1
i4x-Engineering-CS145-video-vid-subqueries_in_from_and_select,445,1
i4x-Engineering-CS145-video-vid-subqueries_in_from_and_select,446,1
i4x-Engineering-CS145-video-vid-subqueries_in_from_and_select,447,1
i4x-Engineering-CS145-video-vid-subqueries_in_from_and_select,448,1
i4x-Engineering-CS145-video-vid-subqueries_in_from_and_select,449,1
i4x-Engineering-CS145-video-vid-subqueries_in_from_and_select,450,1
i4x-Engineering-CS145-video-vid-subqueries_in_from_and_select,451,1
i4x-Engineering-CS145-video-vid-subqueries_in_from_and_select,452,1
i4x-Engineering-CS145-video-vid-subqueries_in_from_and_select,453,1
i4x-Engineering-CS145-video-vid-subqueries_in_from_and_select,454,1
i4x-Engineering-CS145-video-vid-subqueries_in_from_and_select,455,1
i4x-Engineering-CS145-video-vid-subqueries_in_from_and_select,456,1
i4x-Engineering-CS145-video-vid-subqueries_in_from_and_select,457,1
i4x-Engineering-CS145-video-vid-subqueries_in_from_and_select,458,1
i4x-Engineering-CS145-video-vid-subqueries_in_from_and_select,459,1
i4x-Engineering-CS145-video-vid-subqueries_in_from_and_select,460,1
i4x-Engineering-CS145-video-vid-subqueries_in_from_and_select,461,1
i4x-Engineering-CS145-video-vid-subqueries_in_from_and_select,462,1
i4x-Engineering-CS145-video-vid-subqueries_in_from_and_select,463,1
i4x-Engineering-CS145-video-vid-subqueries_in_from_and_select,464,1
i4x-Engineering-CS145-video-vid-subqueries_in_from_and_select,465,1
i4x-Engineering-CS145-video-vid-subqueries_in_from_and_select,466,1
i4x-Engineering-CS145-video-vid-subqueries_in_from_and_select,467,1
i4x-Engineering-CS145-video-vid-subqueries_in_from_and_select,468,1
i4x-Engineering-CS145-video-vid-subqueries_in_from_and_select,469,1
i4x-Engineering-CS145-video-vid-subqueries_in_from_and_select,470,1
i4x-Engineering-CS145-video-vid-subqueries_in_from_and_select,471,1
i4x-Engineering-CS145-video-vid-subqueries_in_from_and_select,472,1
i4x-Engineering-CS145-video-vid-subqueries_in_from_and_select,473,1
i4x-Engineering-CS145-video-vid-subqueries_in_from_and_select,474,1
i4x-Engineering-CS145-video-vid-subqueries_in_from_and_select,475,1
i4x-Engineering-CS145-video-vid-subqueries_in_from_and_select,476,1
i4x-Engineering-CS145-video-vid-subqueries_in_from_and_select,477,1
i4x-Engineering-CS145-video-vid-subqueries_in_from_and_select,478,1
i4x-Engineering-CS145-video-vid-subqueries_in_from_and_select,479,1
i4x-Engineering-CS145-video-vid-subqueries_in_from_and_select,480,1
i4x-Engineering-CS145-video-vid-subqueries_in_from_and_select,481,2
