videoId,second,numViews
i4x-Engineering-CS145-video-vid-motivation_and_overview,0,1
i4x-Engineering-CS145-video-vid-motivation_and_overview,1,1
i4x-Engineering-CS145-video-vid-motivation_and_overview,2,1
i4x-Engineering-CS145-video-vid-motivation_and_overview,3,1
i4x-Engineering-CS145-video-vid-motivation_and_overview,4,1
i4x-Engineering-CS145-video-vid-motivation_and_overview,5,1
i4x-Engineering-CS145-video-vid-motivation_and_overview,6,1
i4x-Engineering-CS145-video-vid-motivation_and_overview,7,1
i4x-Engineering-CS145-video-vid-motivation_and_overview,8,1
i4x-Engineering-CS145-video-vid-motivation_and_overview,9,1
i4x-Engineering-CS145-video-vid-motivation_and_overview,10,1
i4x-Engineering-CS145-video-vid-motivation_and_overview,11,1
i4x-Engineering-CS145-video-vid-motivation_and_overview,12,1
i4x-Engineering-CS145-video-vid-motivation_and_overview,13,1
i4x-Engineering-CS145-video-vid-motivation_and_overview,14,1
i4x-Engineering-CS145-video-vid-motivation_and_overview,15,1
i4x-Engineering-CS145-video-vid-motivation_and_overview,16,1
i4x-Engineering-CS145-video-vid-motivation_and_overview,17,1
i4x-Engineering-CS145-video-vid-motivation_and_overview,18,1
i4x-Engineering-CS145-video-vid-motivation_and_overview,19,1
i4x-Engineering-CS145-video-vid-motivation_and_overview,20,1
i4x-Engineering-CS145-video-vid-motivation_and_overview,21,1
i4x-Engineering-CS145-video-vid-motivation_and_overview,22,1
i4x-Engineering-CS145-video-vid-motivation_and_overview,23,1
i4x-Engineering-CS145-video-vid-motivation_and_overview,24,1
i4x-Engineering-CS145-video-vid-motivation_and_overview,25,1
i4x-Engineering-CS145-video-vid-motivation_and_overview,26,1
i4x-Engineering-CS145-video-vid-motivation_and_overview,27,1
i4x-Engineering-CS145-video-vid-motivation_and_overview,28,1
i4x-Engineering-CS145-video-vid-motivation_and_overview,29,1
i4x-Engineering-CS145-video-vid-motivation_and_overview,30,1
i4x-Engineering-CS145-video-vid-motivation_and_overview,31,1
i4x-Engineering-CS145-video-vid-motivation_and_overview,32,1
i4x-Engineering-CS145-video-vid-motivation_and_overview,33,1
i4x-Engineering-CS145-video-vid-motivation_and_overview,34,1
i4x-Engineering-CS145-video-vid-motivation_and_overview,35,1
i4x-Engineering-CS145-video-vid-motivation_and_overview,36,1
i4x-Engineering-CS145-video-vid-motivation_and_overview,37,1
i4x-Engineering-CS145-video-vid-motivation_and_overview,38,1
i4x-Engineering-CS145-video-vid-motivation_and_overview,39,1
i4x-Engineering-CS145-video-vid-motivation_and_overview,40,1
i4x-Engineering-CS145-video-vid-motivation_and_overview,41,1
i4x-Engineering-CS145-video-vid-motivation_and_overview,42,2
i4x-Engineering-CS145-video-vid-motivation_and_overview,43,2
i4x-Engineering-CS145-video-vid-motivation_and_overview,44,2
i4x-Engineering-CS145-video-vid-motivation_and_overview,45,2
i4x-Engineering-CS145-video-vid-motivation_and_overview,46,2
i4x-Engineering-CS145-video-vid-motivation_and_overview,47,2
i4x-Engineering-CS145-video-vid-motivation_and_overview,48,2
i4x-Engineering-CS145-video-vid-motivation_and_overview,49,2
i4x-Engineering-CS145-video-vid-motivation_and_overview,50,2
i4x-Engineering-CS145-video-vid-motivation_and_overview,51,2
i4x-Engineering-CS145-video-vid-motivation_and_overview,52,2
i4x-Engineering-CS145-video-vid-motivation_and_overview,53,2
i4x-Engineering-CS145-video-vid-motivation_and_overview,54,2
i4x-Engineering-CS145-video-vid-motivation_and_overview,55,1
i4x-Engineering-CS145-video-vid-motivation_and_overview,56,1
i4x-Engineering-CS145-video-vid-motivation_and_overview,57,1
i4x-Engineering-CS145-video-vid-motivation_and_overview,58,1
i4x-Engineering-CS145-video-vid-motivation_and_overview,59,1
i4x-Engineering-CS145-video-vid-motivation_and_overview,60,1
i4x-Engineering-CS145-video-vid-motivation_and_overview,61,1
i4x-Engineering-CS145-video-vid-motivation_and_overview,62,1
i4x-Engineering-CS145-video-vid-motivation_and_overview,63,1
i4x-Engineering-CS145-video-vid-motivation_and_overview,64,1
i4x-Engineering-CS145-video-vid-motivation_and_overview,65,1
i4x-Engineering-CS145-video-vid-motivation_and_overview,66,1
i4x-Engineering-CS145-video-vid-motivation_and_overview,67,1
i4x-Engineering-CS145-video-vid-motivation_and_overview,68,1
i4x-Engineering-CS145-video-vid-motivation_and_overview,69,1
i4x-Engineering-CS145-video-vid-motivation_and_overview,70,1
i4x-Engineering-CS145-video-vid-motivation_and_overview,71,1
i4x-Engineering-CS145-video-vid-motivation_and_overview,72,1
i4x-Engineering-CS145-video-vid-motivation_and_overview,73,1
i4x-Engineering-CS145-video-vid-motivation_and_overview,74,1
i4x-Engineering-CS145-video-vid-motivation_and_overview,75,1
i4x-Engineering-CS145-video-vid-motivation_and_overview,76,1
i4x-Engineering-CS145-video-vid-motivation_and_overview,77,1
i4x-Engineering-CS145-video-vid-motivation_and_overview,78,1
i4x-Engineering-CS145-video-vid-motivation_and_overview,79,1
i4x-Engineering-CS145-video-vid-motivation_and_overview,80,1
i4x-Engineering-CS145-video-vid-motivation_and_overview,81,1
i4x-Engineering-CS145-video-vid-motivation_and_overview,82,1
i4x-Engineering-CS145-video-vid-motivation_and_overview,83,1
i4x-Engineering-CS145-video-vid-motivation_and_overview,84,1
i4x-Engineering-CS145-video-vid-motivation_and_overview,85,1
i4x-Engineering-CS145-video-vid-motivation_and_overview,86,1
i4x-Engineering-CS145-video-vid-motivation_and_overview,87,1
i4x-Engineering-CS145-video-vid-motivation_and_overview,88,1
i4x-Engineering-CS145-video-vid-motivation_and_overview,89,1
i4x-Engineering-CS145-video-vid-motivation_and_overview,90,1
i4x-Engineering-CS145-video-vid-motivation_and_overview,91,1
i4x-Engineering-CS145-video-vid-motivation_and_overview,92,1
i4x-Engineering-CS145-video-vid-motivation_and_overview,93,1
i4x-Engineering-CS145-video-vid-motivation_and_overview,94,1
i4x-Engineering-CS145-video-vid-motivation_and_overview,95,1
i4x-Engineering-CS145-video-vid-motivation_and_overview,96,1
i4x-Engineering-CS145-video-vid-motivation_and_overview,97,1
i4x-Engineering-CS145-video-vid-motivation_and_overview,98,1
i4x-Engineering-CS145-video-vid-motivation_and_overview,99,1
i4x-Engineering-CS145-video-vid-motivation_and_overview,100,1
i4x-Engineering-CS145-video-vid-motivation_and_overview,101,1
i4x-Engineering-CS145-video-vid-motivation_and_overview,102,1
i4x-Engineering-CS145-video-vid-motivation_and_overview,103,1
i4x-Engineering-CS145-video-vid-motivation_and_overview,104,1
i4x-Engineering-CS145-video-vid-motivation_and_overview,105,1
i4x-Engineering-CS145-video-vid-motivation_and_overview,106,1
i4x-Engineering-CS145-video-vid-motivation_and_overview,107,1
i4x-Engineering-CS145-video-vid-motivation_and_overview,108,1
i4x-Engineering-CS145-video-vid-motivation_and_overview,109,1
i4x-Engineering-CS145-video-vid-motivation_and_overview,110,1
i4x-Engineering-CS145-video-vid-motivation_and_overview,111,1
i4x-Engineering-CS145-video-vid-motivation_and_overview,112,1
i4x-Engineering-CS145-video-vid-motivation_and_overview,113,1
i4x-Engineering-CS145-video-vid-motivation_and_overview,114,1
i4x-Engineering-CS145-video-vid-motivation_and_overview,115,1
i4x-Engineering-CS145-video-vid-motivation_and_overview,116,1
i4x-Engineering-CS145-video-vid-motivation_and_overview,117,1
i4x-Engineering-CS145-video-vid-motivation_and_overview,118,1
i4x-Engineering-CS145-video-vid-motivation_and_overview,119,1
i4x-Engineering-CS145-video-vid-motivation_and_overview,120,1
i4x-Engineering-CS145-video-vid-motivation_and_overview,121,1
i4x-Engineering-CS145-video-vid-motivation_and_overview,122,1
i4x-Engineering-CS145-video-vid-motivation_and_overview,123,1
i4x-Engineering-CS145-video-vid-motivation_and_overview,124,1
i4x-Engineering-CS145-video-vid-motivation_and_overview,125,1
i4x-Engineering-CS145-video-vid-motivation_and_overview,126,1
i4x-Engineering-CS145-video-vid-motivation_and_overview,127,1
i4x-Engineering-CS145-video-vid-motivation_and_overview,128,1
i4x-Engineering-CS145-video-vid-motivation_and_overview,129,1
i4x-Engineering-CS145-video-vid-motivation_and_overview,130,1
i4x-Engineering-CS145-video-vid-motivation_and_overview,131,1
i4x-Engineering-CS145-video-vid-motivation_and_overview,132,1
i4x-Engineering-CS145-video-vid-motivation_and_overview,133,1
i4x-Engineering-CS145-video-vid-motivation_and_overview,134,1
i4x-Engineering-CS145-video-vid-motivation_and_overview,135,1
i4x-Engineering-CS145-video-vid-motivation_and_overview,136,1
i4x-Engineering-CS145-video-vid-motivation_and_overview,137,1
i4x-Engineering-CS145-video-vid-motivation_and_overview,138,1
i4x-Engineering-CS145-video-vid-motivation_and_overview,139,1
i4x-Engineering-CS145-video-vid-motivation_and_overview,140,1
i4x-Engineering-CS145-video-vid-motivation_and_overview,141,1
i4x-Engineering-CS145-video-vid-motivation_and_overview,142,1
i4x-Engineering-CS145-video-vid-motivation_and_overview,143,1
i4x-Engineering-CS145-video-vid-motivation_and_overview,144,1
i4x-Engineering-CS145-video-vid-motivation_and_overview,145,1
i4x-Engineering-CS145-video-vid-motivation_and_overview,146,1
i4x-Engineering-CS145-video-vid-motivation_and_overview,147,1
i4x-Engineering-CS145-video-vid-motivation_and_overview,148,1
i4x-Engineering-CS145-video-vid-motivation_and_overview,149,1
i4x-Engineering-CS145-video-vid-motivation_and_overview,150,1
i4x-Engineering-CS145-video-vid-motivation_and_overview,151,1
i4x-Engineering-CS145-video-vid-motivation_and_overview,152,1
i4x-Engineering-CS145-video-vid-motivation_and_overview,153,1
i4x-Engineering-CS145-video-vid-motivation_and_overview,154,1
i4x-Engineering-CS145-video-vid-motivation_and_overview,155,1
i4x-Engineering-CS145-video-vid-motivation_and_overview,156,1
i4x-Engineering-CS145-video-vid-motivation_and_overview,157,1
i4x-Engineering-CS145-video-vid-motivation_and_overview,158,1
i4x-Engineering-CS145-video-vid-motivation_and_overview,159,1
i4x-Engineering-CS145-video-vid-motivation_and_overview,160,1
i4x-Engineering-CS145-video-vid-motivation_and_overview,161,1
i4x-Engineering-CS145-video-vid-motivation_and_overview,162,1
i4x-Engineering-CS145-video-vid-motivation_and_overview,163,1
i4x-Engineering-CS145-video-vid-motivation_and_overview,164,1
i4x-Engineering-CS145-video-vid-motivation_and_overview,165,1
i4x-Engineering-CS145-video-vid-motivation_and_overview,166,1
i4x-Engineering-CS145-video-vid-motivation_and_overview,167,1
i4x-Engineering-CS145-video-vid-motivation_and_overview,168,1
i4x-Engineering-CS145-video-vid-motivation_and_overview,169,1
i4x-Engineering-CS145-video-vid-motivation_and_overview,170,1
i4x-Engineering-CS145-video-vid-motivation_and_overview,171,1
i4x-Engineering-CS145-video-vid-motivation_and_overview,172,2
i4x-Engineering-CS145-video-vid-motivation_and_overview,173,3
i4x-Engineering-CS145-video-vid-motivation_and_overview,174,2
i4x-Engineering-CS145-video-vid-motivation_and_overview,175,2
i4x-Engineering-CS145-video-vid-motivation_and_overview,176,2
i4x-Engineering-CS145-video-vid-motivation_and_overview,177,2
i4x-Engineering-CS145-video-vid-motivation_and_overview,178,2
i4x-Engineering-CS145-video-vid-motivation_and_overview,179,2
i4x-Engineering-CS145-video-vid-motivation_and_overview,180,2
i4x-Engineering-CS145-video-vid-motivation_and_overview,181,2
i4x-Engineering-CS145-video-vid-motivation_and_overview,182,2
i4x-Engineering-CS145-video-vid-motivation_and_overview,183,2
i4x-Engineering-CS145-video-vid-motivation_and_overview,184,2
i4x-Engineering-CS145-video-vid-motivation_and_overview,185,2
i4x-Engineering-CS145-video-vid-motivation_and_overview,186,2
i4x-Engineering-CS145-video-vid-motivation_and_overview,187,2
i4x-Engineering-CS145-video-vid-motivation_and_overview,188,2
i4x-Engineering-CS145-video-vid-motivation_and_overview,189,1
i4x-Engineering-CS145-video-vid-motivation_and_overview,190,1
i4x-Engineering-CS145-video-vid-motivation_and_overview,191,1
i4x-Engineering-CS145-video-vid-motivation_and_overview,192,1
i4x-Engineering-CS145-video-vid-motivation_and_overview,193,1
i4x-Engineering-CS145-video-vid-motivation_and_overview,194,1
i4x-Engineering-CS145-video-vid-motivation_and_overview,195,1
i4x-Engineering-CS145-video-vid-motivation_and_overview,196,1
i4x-Engineering-CS145-video-vid-motivation_and_overview,197,1
i4x-Engineering-CS145-video-vid-motivation_and_overview,198,1
i4x-Engineering-CS145-video-vid-motivation_and_overview,199,1
i4x-Engineering-CS145-video-vid-motivation_and_overview,200,1
i4x-Engineering-CS145-video-vid-motivation_and_overview,201,1
i4x-Engineering-CS145-video-vid-motivation_and_overview,202,1
i4x-Engineering-CS145-video-vid-motivation_and_overview,203,1
i4x-Engineering-CS145-video-vid-motivation_and_overview,204,1
i4x-Engineering-CS145-video-vid-motivation_and_overview,205,1
i4x-Engineering-CS145-video-vid-motivation_and_overview,206,1
i4x-Engineering-CS145-video-vid-motivation_and_overview,207,1
i4x-Engineering-CS145-video-vid-motivation_and_overview,208,1
i4x-Engineering-CS145-video-vid-motivation_and_overview,209,1
i4x-Engineering-CS145-video-vid-motivation_and_overview,210,1
i4x-Engineering-CS145-video-vid-motivation_and_overview,211,1
i4x-Engineering-CS145-video-vid-motivation_and_overview,212,1
i4x-Engineering-CS145-video-vid-motivation_and_overview,213,1
i4x-Engineering-CS145-video-vid-motivation_and_overview,214,1
i4x-Engineering-CS145-video-vid-motivation_and_overview,215,1
i4x-Engineering-CS145-video-vid-motivation_and_overview,216,1
i4x-Engineering-CS145-video-vid-motivation_and_overview,217,1
i4x-Engineering-CS145-video-vid-motivation_and_overview,218,1
i4x-Engineering-CS145-video-vid-motivation_and_overview,219,1
i4x-Engineering-CS145-video-vid-motivation_and_overview,220,1
i4x-Engineering-CS145-video-vid-motivation_and_overview,221,1
i4x-Engineering-CS145-video-vid-motivation_and_overview,222,1
i4x-Engineering-CS145-video-vid-motivation_and_overview,223,1
i4x-Engineering-CS145-video-vid-motivation_and_overview,224,1
i4x-Engineering-CS145-video-vid-motivation_and_overview,225,1
i4x-Engineering-CS145-video-vid-motivation_and_overview,226,1
i4x-Engineering-CS145-video-vid-motivation_and_overview,227,1
i4x-Engineering-CS145-video-vid-motivation_and_overview,228,1
i4x-Engineering-CS145-video-vid-motivation_and_overview,229,1
i4x-Engineering-CS145-video-vid-motivation_and_overview,230,1
i4x-Engineering-CS145-video-vid-motivation_and_overview,231,1
i4x-Engineering-CS145-video-vid-motivation_and_overview,232,1
i4x-Engineering-CS145-video-vid-motivation_and_overview,233,1
i4x-Engineering-CS145-video-vid-motivation_and_overview,234,1
i4x-Engineering-CS145-video-vid-motivation_and_overview,235,1
i4x-Engineering-CS145-video-vid-motivation_and_overview,236,1
i4x-Engineering-CS145-video-vid-motivation_and_overview,237,1
i4x-Engineering-CS145-video-vid-motivation_and_overview,238,1
i4x-Engineering-CS145-video-vid-motivation_and_overview,239,1
i4x-Engineering-CS145-video-vid-motivation_and_overview,240,1
i4x-Engineering-CS145-video-vid-motivation_and_overview,241,1
i4x-Engineering-CS145-video-vid-motivation_and_overview,242,1
i4x-Engineering-CS145-video-vid-motivation_and_overview,243,1
i4x-Engineering-CS145-video-vid-motivation_and_overview,244,1
i4x-Engineering-CS145-video-vid-motivation_and_overview,245,1
i4x-Engineering-CS145-video-vid-motivation_and_overview,246,1
i4x-Engineering-CS145-video-vid-motivation_and_overview,247,1
i4x-Engineering-CS145-video-vid-motivation_and_overview,248,1
i4x-Engineering-CS145-video-vid-motivation_and_overview,249,1
i4x-Engineering-CS145-video-vid-motivation_and_overview,250,1
i4x-Engineering-CS145-video-vid-motivation_and_overview,251,1
i4x-Engineering-CS145-video-vid-motivation_and_overview,252,1
i4x-Engineering-CS145-video-vid-motivation_and_overview,253,1
i4x-Engineering-CS145-video-vid-motivation_and_overview,254,1
i4x-Engineering-CS145-video-vid-motivation_and_overview,255,1
i4x-Engineering-CS145-video-vid-motivation_and_overview,256,1
i4x-Engineering-CS145-video-vid-motivation_and_overview,257,1
i4x-Engineering-CS145-video-vid-motivation_and_overview,258,1
i4x-Engineering-CS145-video-vid-motivation_and_overview,259,1
i4x-Engineering-CS145-video-vid-motivation_and_overview,260,1
i4x-Engineering-CS145-video-vid-motivation_and_overview,261,1
i4x-Engineering-CS145-video-vid-motivation_and_overview,262,1
i4x-Engineering-CS145-video-vid-motivation_and_overview,263,1
i4x-Engineering-CS145-video-vid-motivation_and_overview,264,1
i4x-Engineering-CS145-video-vid-motivation_and_overview,265,1
i4x-Engineering-CS145-video-vid-motivation_and_overview,266,1
i4x-Engineering-CS145-video-vid-motivation_and_overview,267,1
i4x-Engineering-CS145-video-vid-motivation_and_overview,268,1
i4x-Engineering-CS145-video-vid-motivation_and_overview,269,1
i4x-Engineering-CS145-video-vid-motivation_and_overview,270,1
i4x-Engineering-CS145-video-vid-motivation_and_overview,271,1
i4x-Engineering-CS145-video-vid-motivation_and_overview,272,1
i4x-Engineering-CS145-video-vid-motivation_and_overview,273,1
i4x-Engineering-CS145-video-vid-motivation_and_overview,274,1
i4x-Engineering-CS145-video-vid-motivation_and_overview,275,1
i4x-Engineering-CS145-video-vid-motivation_and_overview,276,1
i4x-Engineering-CS145-video-vid-motivation_and_overview,277,1
i4x-Engineering-CS145-video-vid-motivation_and_overview,278,1
i4x-Engineering-CS145-video-vid-motivation_and_overview,279,1
i4x-Engineering-CS145-video-vid-motivation_and_overview,280,1
i4x-Engineering-CS145-video-vid-motivation_and_overview,281,1
i4x-Engineering-CS145-video-vid-motivation_and_overview,282,1
i4x-Engineering-CS145-video-vid-motivation_and_overview,283,1
i4x-Engineering-CS145-video-vid-motivation_and_overview,284,1
i4x-Engineering-CS145-video-vid-motivation_and_overview,285,1
i4x-Engineering-CS145-video-vid-motivation_and_overview,286,1
i4x-Engineering-CS145-video-vid-motivation_and_overview,287,1
i4x-Engineering-CS145-video-vid-motivation_and_overview,288,1
i4x-Engineering-CS145-video-vid-motivation_and_overview,289,1
i4x-Engineering-CS145-video-vid-motivation_and_overview,290,1
i4x-Engineering-CS145-video-vid-motivation_and_overview,291,1
i4x-Engineering-CS145-video-vid-motivation_and_overview,292,1
i4x-Engineering-CS145-video-vid-motivation_and_overview,293,1
i4x-Engineering-CS145-video-vid-motivation_and_overview,294,1
i4x-Engineering-CS145-video-vid-motivation_and_overview,295,1
i4x-Engineering-CS145-video-vid-motivation_and_overview,296,1
i4x-Engineering-CS145-video-vid-motivation_and_overview,297,1
i4x-Engineering-CS145-video-vid-motivation_and_overview,298,1
i4x-Engineering-CS145-video-vid-motivation_and_overview,299,1
i4x-Engineering-CS145-video-vid-motivation_and_overview,300,1
i4x-Engineering-CS145-video-vid-motivation_and_overview,301,1
i4x-Engineering-CS145-video-vid-motivation_and_overview,302,1
i4x-Engineering-CS145-video-vid-motivation_and_overview,303,1
i4x-Engineering-CS145-video-vid-motivation_and_overview,304,1
i4x-Engineering-CS145-video-vid-motivation_and_overview,305,1
i4x-Engineering-CS145-video-vid-motivation_and_overview,306,1
i4x-Engineering-CS145-video-vid-motivation_and_overview,307,1
i4x-Engineering-CS145-video-vid-motivation_and_overview,308,1
i4x-Engineering-CS145-video-vid-motivation_and_overview,309,1
i4x-Engineering-CS145-video-vid-motivation_and_overview,310,1
i4x-Engineering-CS145-video-vid-motivation_and_overview,311,1
i4x-Engineering-CS145-video-vid-motivation_and_overview,312,1
i4x-Engineering-CS145-video-vid-motivation_and_overview,313,1
i4x-Engineering-CS145-video-vid-motivation_and_overview,314,1
i4x-Engineering-CS145-video-vid-motivation_and_overview,315,1
i4x-Engineering-CS145-video-vid-motivation_and_overview,316,1
i4x-Engineering-CS145-video-vid-motivation_and_overview,317,1
i4x-Engineering-CS145-video-vid-motivation_and_overview,318,1
i4x-Engineering-CS145-video-vid-motivation_and_overview,319,1
i4x-Engineering-CS145-video-vid-motivation_and_overview,320,1
i4x-Engineering-CS145-video-vid-motivation_and_overview,321,1
i4x-Engineering-CS145-video-vid-motivation_and_overview,322,1
i4x-Engineering-CS145-video-vid-motivation_and_overview,323,1
i4x-Engineering-CS145-video-vid-motivation_and_overview,324,1
i4x-Engineering-CS145-video-vid-motivation_and_overview,325,1
i4x-Engineering-CS145-video-vid-motivation_and_overview,326,1
i4x-Engineering-CS145-video-vid-motivation_and_overview,327,1
i4x-Engineering-CS145-video-vid-motivation_and_overview,328,1
i4x-Engineering-CS145-video-vid-motivation_and_overview,329,1
i4x-Engineering-CS145-video-vid-motivation_and_overview,330,1
i4x-Engineering-CS145-video-vid-motivation_and_overview,331,1
i4x-Engineering-CS145-video-vid-motivation_and_overview,332,1
i4x-Engineering-CS145-video-vid-motivation_and_overview,333,1
i4x-Engineering-CS145-video-vid-motivation_and_overview,334,1
i4x-Engineering-CS145-video-vid-motivation_and_overview,335,1
i4x-Engineering-CS145-video-vid-motivation_and_overview,336,1
i4x-Engineering-CS145-video-vid-motivation_and_overview,337,1
i4x-Engineering-CS145-video-vid-motivation_and_overview,338,1
i4x-Engineering-CS145-video-vid-motivation_and_overview,339,1
i4x-Engineering-CS145-video-vid-motivation_and_overview,340,1
i4x-Engineering-CS145-video-vid-motivation_and_overview,341,1
i4x-Engineering-CS145-video-vid-motivation_and_overview,342,1
i4x-Engineering-CS145-video-vid-motivation_and_overview,343,1
i4x-Engineering-CS145-video-vid-motivation_and_overview,344,1
i4x-Engineering-CS145-video-vid-motivation_and_overview,345,1
i4x-Engineering-CS145-video-vid-motivation_and_overview,346,1
i4x-Engineering-CS145-video-vid-motivation_and_overview,347,1
i4x-Engineering-CS145-video-vid-motivation_and_overview,348,1
i4x-Engineering-CS145-video-vid-motivation_and_overview,349,1
i4x-Engineering-CS145-video-vid-motivation_and_overview,350,1
i4x-Engineering-CS145-video-vid-motivation_and_overview,351,1
i4x-Engineering-CS145-video-vid-motivation_and_overview,352,1
i4x-Engineering-CS145-video-vid-motivation_and_overview,353,1
i4x-Engineering-CS145-video-vid-motivation_and_overview,354,1
i4x-Engineering-CS145-video-vid-motivation_and_overview,355,1
i4x-Engineering-CS145-video-vid-motivation_and_overview,356,1
i4x-Engineering-CS145-video-vid-motivation_and_overview,357,1
i4x-Engineering-CS145-video-vid-motivation_and_overview,358,1
i4x-Engineering-CS145-video-vid-motivation_and_overview,359,1
i4x-Engineering-CS145-video-vid-motivation_and_overview,360,1
i4x-Engineering-CS145-video-vid-motivation_and_overview,361,1
i4x-Engineering-CS145-video-vid-motivation_and_overview,362,1
i4x-Engineering-CS145-video-vid-motivation_and_overview,363,1
i4x-Engineering-CS145-video-vid-motivation_and_overview,364,1
i4x-Engineering-CS145-video-vid-motivation_and_overview,365,1
i4x-Engineering-CS145-video-vid-motivation_and_overview,366,1
i4x-Engineering-CS145-video-vid-motivation_and_overview,367,1
i4x-Engineering-CS145-video-vid-motivation_and_overview,368,1
i4x-Engineering-CS145-video-vid-motivation_and_overview,369,1
i4x-Engineering-CS145-video-vid-motivation_and_overview,370,1
i4x-Engineering-CS145-video-vid-motivation_and_overview,371,1
i4x-Engineering-CS145-video-vid-motivation_and_overview,372,1
i4x-Engineering-CS145-video-vid-motivation_and_overview,373,1
i4x-Engineering-CS145-video-vid-motivation_and_overview,374,1
i4x-Engineering-CS145-video-vid-motivation_and_overview,375,1
i4x-Engineering-CS145-video-vid-motivation_and_overview,376,1
i4x-Engineering-CS145-video-vid-motivation_and_overview,377,1
i4x-Engineering-CS145-video-vid-motivation_and_overview,378,1
i4x-Engineering-CS145-video-vid-motivation_and_overview,379,1
i4x-Engineering-CS145-video-vid-motivation_and_overview,380,1
i4x-Engineering-CS145-video-vid-motivation_and_overview,381,1
i4x-Engineering-CS145-video-vid-motivation_and_overview,382,1
i4x-Engineering-CS145-video-vid-motivation_and_overview,383,1
i4x-Engineering-CS145-video-vid-motivation_and_overview,384,1
i4x-Engineering-CS145-video-vid-motivation_and_overview,385,1
i4x-Engineering-CS145-video-vid-motivation_and_overview,386,1
i4x-Engineering-CS145-video-vid-motivation_and_overview,387,1
i4x-Engineering-CS145-video-vid-motivation_and_overview,388,1
i4x-Engineering-CS145-video-vid-motivation_and_overview,389,1
i4x-Engineering-CS145-video-vid-motivation_and_overview,390,1
i4x-Engineering-CS145-video-vid-motivation_and_overview,391,1
i4x-Engineering-CS145-video-vid-motivation_and_overview,392,1
i4x-Engineering-CS145-video-vid-motivation_and_overview,393,1
i4x-Engineering-CS145-video-vid-motivation_and_overview,394,1
i4x-Engineering-CS145-video-vid-motivation_and_overview,395,1
i4x-Engineering-CS145-video-vid-motivation_and_overview,396,1
i4x-Engineering-CS145-video-vid-motivation_and_overview,397,1
i4x-Engineering-CS145-video-vid-motivation_and_overview,398,1
i4x-Engineering-CS145-video-vid-motivation_and_overview,399,1
i4x-Engineering-CS145-video-vid-motivation_and_overview,400,1
i4x-Engineering-CS145-video-vid-motivation_and_overview,401,1
i4x-Engineering-CS145-video-vid-motivation_and_overview,402,1
i4x-Engineering-CS145-video-vid-motivation_and_overview,403,1
i4x-Engineering-CS145-video-vid-motivation_and_overview,404,1
i4x-Engineering-CS145-video-vid-motivation_and_overview,405,1
i4x-Engineering-CS145-video-vid-motivation_and_overview,406,1
i4x-Engineering-CS145-video-vid-motivation_and_overview,407,1
i4x-Engineering-CS145-video-vid-motivation_and_overview,408,1
i4x-Engineering-CS145-video-vid-motivation_and_overview,409,1
i4x-Engineering-CS145-video-vid-motivation_and_overview,410,1
i4x-Engineering-CS145-video-vid-motivation_and_overview,411,1
i4x-Engineering-CS145-video-vid-motivation_and_overview,412,1
i4x-Engineering-CS145-video-vid-motivation_and_overview,413,1
i4x-Engineering-CS145-video-vid-motivation_and_overview,414,1
i4x-Engineering-CS145-video-vid-motivation_and_overview,546,1
i4x-Engineering-CS145-video-vid-motivation_and_overview,547,1
i4x-Engineering-CS145-video-vid-motivation_and_overview,548,1
i4x-Engineering-CS145-video-vid-motivation_and_overview,549,1
i4x-Engineering-CS145-video-vid-motivation_and_overview,550,1
i4x-Engineering-CS145-video-vid-motivation_and_overview,551,1
i4x-Engineering-CS145-video-vid-motivation_and_overview,552,1
i4x-Engineering-CS145-video-vid-motivation_and_overview,553,1
i4x-Engineering-CS145-video-vid-motivation_and_overview,554,1
i4x-Engineering-CS145-video-vid-motivation_and_overview,555,1
i4x-Engineering-CS145-video-vid-motivation_and_overview,556,1
i4x-Engineering-CS145-video-vid-motivation_and_overview,557,1
i4x-Engineering-CS145-video-vid-motivation_and_overview,558,1
i4x-Engineering-CS145-video-vid-motivation_and_overview,559,1
i4x-Engineering-CS145-video-vid-motivation_and_overview,560,1
i4x-Engineering-CS145-video-vid-motivation_and_overview,561,1
i4x-Engineering-CS145-video-vid-motivation_and_overview,562,1
i4x-Engineering-CS145-video-vid-motivation_and_overview,563,1
i4x-Engineering-CS145-video-vid-motivation_and_overview,564,1
i4x-Engineering-CS145-video-vid-motivation_and_overview,565,1
i4x-Engineering-CS145-video-vid-motivation_and_overview,566,1
i4x-Engineering-CS145-video-vid-motivation_and_overview,567,1
i4x-Engineering-CS145-video-vid-motivation_and_overview,568,1
i4x-Engineering-CS145-video-vid-motivation_and_overview,569,1
i4x-Engineering-CS145-video-vid-motivation_and_overview,570,1
i4x-Engineering-CS145-video-vid-motivation_and_overview,571,1
i4x-Engineering-CS145-video-vid-motivation_and_overview,572,1
i4x-Engineering-CS145-video-vid-motivation_and_overview,573,1
i4x-Engineering-CS145-video-vid-motivation_and_overview,574,1
i4x-Engineering-CS145-video-vid-motivation_and_overview,575,1
i4x-Engineering-CS145-video-vid-motivation_and_overview,576,1
i4x-Engineering-CS145-video-vid-motivation_and_overview,577,1
i4x-Engineering-CS145-video-vid-motivation_and_overview,578,1
i4x-Engineering-CS145-video-vid-motivation_and_overview,579,1
i4x-Engineering-CS145-video-vid-motivation_and_overview,580,1
i4x-Engineering-CS145-video-vid-motivation_and_overview,581,1
i4x-Engineering-CS145-video-vid-motivation_and_overview,582,1
i4x-Engineering-CS145-video-vid-motivation_and_overview,583,1
i4x-Engineering-CS145-video-vid-motivation_and_overview,584,1
i4x-Engineering-CS145-video-vid-motivation_and_overview,585,1
i4x-Engineering-CS145-video-vid-motivation_and_overview,586,1
i4x-Engineering-CS145-video-vid-motivation_and_overview,587,1
i4x-Engineering-CS145-video-vid-motivation_and_overview,588,1
i4x-Engineering-CS145-video-vid-motivation_and_overview,589,1
i4x-Engineering-CS145-video-vid-motivation_and_overview,590,1
i4x-Engineering-CS145-video-vid-motivation_and_overview,591,1
i4x-Engineering-CS145-video-vid-motivation_and_overview,592,1
i4x-Engineering-CS145-video-vid-motivation_and_overview,593,1
i4x-Engineering-CS145-video-vid-motivation_and_overview,594,1
i4x-Engineering-CS145-video-vid-motivation_and_overview,595,1
i4x-Engineering-CS145-video-vid-motivation_and_overview,596,1
i4x-Engineering-CS145-video-vid-motivation_and_overview,597,1
i4x-Engineering-CS145-video-vid-motivation_and_overview,598,1
i4x-Engineering-CS145-video-vid-motivation_and_overview,599,1
i4x-Engineering-CS145-video-vid-motivation_and_overview,600,1
i4x-Engineering-CS145-video-vid-motivation_and_overview,601,1
i4x-Engineering-CS145-video-vid-motivation_and_overview,602,1
i4x-Engineering-CS145-video-vid-motivation_and_overview,603,1
i4x-Engineering-CS145-video-vid-motivation_and_overview,604,1
i4x-Engineering-CS145-video-vid-motivation_and_overview,605,1
i4x-Engineering-CS145-video-vid-motivation_and_overview,606,1
i4x-Engineering-CS145-video-vid-motivation_and_overview,607,1
i4x-Engineering-CS145-video-vid-motivation_and_overview,608,1
i4x-Engineering-CS145-video-vid-motivation_and_overview,609,1
i4x-Engineering-CS145-video-vid-motivation_and_overview,610,1
i4x-Engineering-CS145-video-vid-motivation_and_overview,611,1
i4x-Engineering-CS145-video-vid-motivation_and_overview,612,1
i4x-Engineering-CS145-video-vid-motivation_and_overview,613,1
i4x-Engineering-CS145-video-vid-motivation_and_overview,614,1
i4x-Engineering-CS145-video-vid-motivation_and_overview,615,1
i4x-Engineering-CS145-video-vid-motivation_and_overview,616,1
i4x-Engineering-CS145-video-vid-motivation_and_overview,617,1
i4x-Engineering-CS145-video-vid-motivation_and_overview,618,1
i4x-Engineering-CS145-video-vid-motivation_and_overview,619,1
i4x-Engineering-CS145-video-vid-motivation_and_overview,620,1
i4x-Engineering-CS145-video-vid-motivation_and_overview,621,1
i4x-Engineering-CS145-video-vid-motivation_and_overview,622,1
i4x-Engineering-CS145-video-vid-motivation_and_overview,623,1
i4x-Engineering-CS145-video-vid-motivation_and_overview,624,1
i4x-Engineering-CS145-video-vid-motivation_and_overview,625,1
i4x-Engineering-CS145-video-vid-motivation_and_overview,626,1
i4x-Engineering-CS145-video-vid-motivation_and_overview,627,1
i4x-Engineering-CS145-video-vid-motivation_and_overview,628,1
i4x-Engineering-CS145-video-vid-motivation_and_overview,629,1
i4x-Engineering-CS145-video-vid-motivation_and_overview,630,1
i4x-Engineering-CS145-video-vid-motivation_and_overview,631,1
i4x-Engineering-CS145-video-vid-motivation_and_overview,632,1
i4x-Engineering-CS145-video-vid-motivation_and_overview,633,1
i4x-Engineering-CS145-video-vid-motivation_and_overview,634,1
i4x-Engineering-CS145-video-vid-motivation_and_overview,635,1
i4x-Engineering-CS145-video-vid-motivation_and_overview,636,1
i4x-Engineering-CS145-video-vid-motivation_and_overview,637,1
i4x-Engineering-CS145-video-vid-motivation_and_overview,638,2
i4x-Engineering-CS145-video-vid-motivation_and_overview,639,2
i4x-Engineering-CS145-video-vid-motivation_and_overview,640,2
i4x-Engineering-CS145-video-vid-motivation_and_overview,641,1
i4x-Engineering-CS145-video-vid-motivation_and_overview,642,1
i4x-Engineering-CS145-video-vid-motivation_and_overview,643,1
i4x-Engineering-CS145-video-vid-motivation_and_overview,644,1
i4x-Engineering-CS145-video-vid-motivation_and_overview,645,2
i4x-Engineering-CS145-video-vid-motivation_and_overview,646,1
i4x-Engineering-CS145-video-vid-motivation_and_overview,647,1
